6 40 360 4
600 1000
600 1000
600 1000
600 1000
1 70.7690000000000000 -29.1960000000000000 20 25.00 1 
2 -79.2310000000000000 74.0840000000000000 15 13.00 2 
3 97.5760000000000000 -85.3910000000000000 10 19.00 3 
4 68.8320000000000000 -19.0190000000000000 5 14.00 4 
5 -87.9070000000000000 91.4170000000000000 12 16.00 5 
6 -27.1850000000000000 1.3190000000000000 11 14.00 6 
7 49.3210000000000000 40.5940000000000000 16 4.00 7 
8 93.0580000000000000 62.7990000000000000 21 14.00 8 
9 66.8270000000000000 -43.5080000000000000 23 11.00 9 
10 77.5560000000000000 98.2230000000000000 14 20.00 10 
11 -60.7440000000000000 86.1880000000000000 20 20.00 11 
12 79.9950000000000000 -50.7620000000000000 25 14.00 12 
13 64.4970000000000000 14.1750000000000000 8 14.00 13 
14 94.9340000000000000 54.9300000000000000 7 23.00 14 
15 -52.0870000000000000 66.7210000000000000 11 23.00 15 
16 15.0700000000000000 8.9610000000000000 12 23.00 16 
17 35.8460000000000000 -64.6780000000000000 3 7.00 17 
18 23.0230000000000000 83.2510000000000000 5 12.00 18 
19 -11.1150000000000000 10.7050000000000000 12 23.00 19 
20 64.9300000000000000 39.5270000000000000 4 23.00 20 
21 -70.6290000000000000 -90.9270000000000000 11 12.00 21 
22 -87.4100000000000000 68.2090000000000000 10 3.00 22 
23 27.1740000000000000 -34.1180000000000000 9 20.00 23 
24 -53.8870000000000000 46.2470000000000000 12 9.00 24 
25 -95.1910000000000000 -1.0380000000000000 17 3.00 25 
26 19.0200000000000000 74.8030000000000000 7 13.00 26 
27 -26.0460000000000000 -12.5170000000000000 1 24.00 27 
28 19.2300000000000000 74.5970000000000000 2 9.00 28 
29 -95.3390000000000000 60.5080000000000000 24 13.00 29 
30 48.5640000000000000 -11.4970000000000000 2 23.00 30 
31 42.3160000000000000 -4.8640000000000000 24 17.00 31 
32 43.5460000000000000 61.9680000000000000 11 24.00 32 
33 29.5270000000000000 -98.9430000000000000 22 7.00 33 
34 42.0710000000000000 -69.0160000000000000 7 14.00 34 
35 -45.6130000000000000 29.6370000000000000 13 20.00 35 
36 -9.5720000000000000 -86.5660000000000000 3 23.00 36 
37 3.9170000000000000 33.5100000000000000 20 5.00 37 
38 85.2170000000000000 -79.9480000000000000 20 18.00 38 
39 57.6280000000000000 80.1630000000000000 19 5.00 39 
40 96.5380000000000000 57.9720000000000000 21 18.00 40 
41 91.6490000000000000 -41.5340000000000000 23 20.00 41 
42 9.7800000000000000 93.6520000000000000 15 19.00 42 
43 63.5310000000000000 94.4600000000000000 21 2.00 43 
44 77.0530000000000000 47.8840000000000000 12 17.00 44 
45 -36.5970000000000000 -47.6950000000000000 5 9.00 45 
46 -72.4020000000000000 23.8780000000000000 24 1.00 46 
47 -78.8680000000000000 -50.1760000000000000 17 18.00 47 
48 4.0820000000000000 -89.6080000000000000 23 1.00 48 
49 0.0590000000000000 92.4230000000000000 17 12.00 49 
50 -76.8660000000000000 47.6400000000000000 16 20.00 50 
51 83.6040000000000000 -95.4480000000000000 9 2.00 51 
52 93.7300000000000000 52.6830000000000000 5 5.00 52 
53 59.5160000000000000 22.1060000000000000 5 16.00 53 
54 -77.1770000000000000 -94.3240000000000000 18 8.00 54 
55 34.6380000000000000 -85.1920000000000000 10 21.00 55 
56 -55.4420000000000000 -62.2050000000000000 18 25.00 56 
57 -98.1370000000000000 -73.1460000000000000 19 7.00 57 
58 -73.7530000000000000 -18.8090000000000000 18 1.00 58 
59 -13.9280000000000000 37.4880000000000000 22 21.00 59 
60 82.6920000000000000 -16.5420000000000000 10 5.00 60 
61 19.7340000000000000 73.0100000000000000 1 16.00 61 
62 -97.9900000000000000 57.5990000000000000 7 13.00 62 
63 57.4390000000000000 -82.9570000000000000 14 1.00 63 
64 -82.2810000000000000 47.0290000000000000 12 5.00 64 
65 44.2690000000000000 -40.4270000000000000 2 8.00 65 
66 95.5760000000000000 -2.3440000000000000 13 15.00 66 
67 -8.4280000000000000 -84.8280000000000000 23 5.00 67 
68 66.2080000000000000 -86.8200000000000000 11 2.00 68 
69 66.6560000000000000 -78.9730000000000000 9 22.00 69 
70 40.6400000000000000 90.6240000000000000 17 21.00 70 
71 3.1630000000000000 -41.8930000000000000 22 6.00 71 
72 62.9260000000000000 93.5780000000000000 25 23.00 72 
73 -88.7840000000000000 48.9680000000000000 11 20.00 73 
74 -35.3480000000000000 69.9160000000000000 13 22.00 74 
75 48.1370000000000000 21.1530000000000000 11 6.00 75 
76 -87.7740000000000000 53.0830000000000000 13 10.00 76 
77 -33.6540000000000000 28.5550000000000000 2 15.00 77 
78 -81.3970000000000000 -82.0660000000000000 2 2.00 78 
79 92.4100000000000000 -10.0760000000000000 7 16.00 79 
80 70.7260000000000000 -85.3920000000000000 3 24.00 80 
81 35.1080000000000000 40.0070000000000000 19 18.00 81 
82 -54.3110000000000000 90.9730000000000000 10 19.00 82 
83 35.1540000000000000 33.7790000000000000 24 17.00 83 
84 -33.5620000000000000 -83.8640000000000000 23 6.00 84 
85 42.2560000000000000 -55.0450000000000000 16 1.00 85 
86 -94.2150000000000000 -36.9330000000000000 2 20.00 86 
87 89.7300000000000000 42.6010000000000000 13 20.00 87 
88 -57.6440000000000000 65.0210000000000000 7 24.00 88 
89 -78.9140000000000000 80.2720000000000000 10 17.00 89 
90 23.7010000000000000 24.1680000000000000 20 13.00 90 
91 79.6220000000000000 96.9880000000000000 25 14.00 91 
92 -63.1450000000000000 -5.7250000000000000 4 10.00 92 
93 93.2160000000000000 8.9420000000000000 17 14.00 93 
94 -13.4050000000000000 93.2290000000000000 8 16.00 94 
95 -50.4270000000000000 -72.9990000000000000 3 24.00 95 
96 -84.7200000000000000 -67.4920000000000000 11 25.00 96 
97 44.4190000000000000 41.3100000000000000 11 22.00 97 
98 -62.7450000000000000 65.6960000000000000 5 19.00 98 
99 56.9670000000000000 40.6190000000000000 5 7.00 99 
100 60.4970000000000000 -71.2890000000000000 18 16.00 100 
101 59.7290000000000000 -28.7720000000000000 9 4.00 101 
102 27.9770000000000000 10.7610000000000000 9 23.00 102 
103 -11.2200000000000000 55.6750000000000000 3 20.00 103 
104 15.0380000000000000 -71.5800000000000000 22 3.00 104 
105 2.3620000000000000 -68.3050000000000000 2 14.00 105 
106 58.3110000000000000 48.7430000000000000 3 19.00 106 
107 -68.3170000000000000 85.2410000000000000 12 15.00 107 
108 61.4080000000000000 -70.0840000000000000 23 7.00 108 
109 26.9960000000000000 69.6170000000000000 17 21.00 109 
110 62.1010000000000000 -59.5750000000000000 14 16.00 110 
111 65.2000000000000000 -79.0320000000000000 11 20.00 111 
112 28.5400000000000000 -57.8150000000000000 24 18.00 112 
113 -70.4230000000000000 -80.9830000000000000 1 23.00 113 
114 88.9700000000000000 -62.2160000000000000 24 16.00 114 
115 90.2360000000000000 65.3520000000000000 19 12.00 115 
116 50.4770000000000000 43.7240000000000000 5 19.00 116 
117 63.4620000000000000 15.7850000000000000 21 22.00 117 
118 -96.2790000000000000 -76.9550000000000000 3 8.00 118 
119 -6.4120000000000000 -8.3840000000000000 4 12.00 119 
120 -88.1100000000000000 36.7570000000000000 13 11.00 120 
121 57.6350000000000000 74.2540000000000000 7 21.00 121 
122 75.6490000000000000 -22.3280000000000000 21 20.00 122 
123 22.1280000000000000 -58.1420000000000000 4 3.00 123 
124 -80.6070000000000000 -68.7040000000000000 25 5.00 124 
125 77.5770000000000000 55.1880000000000000 23 4.00 125 
126 44.1770000000000000 29.3520000000000000 17 11.00 126 
127 31.4800000000000000 34.2320000000000000 22 12.00 127 
128 -53.0860000000000000 30.8800000000000000 2 7.00 128 
129 -29.7570000000000000 -67.3980000000000000 22 9.00 129 
130 55.5920000000000000 -74.0200000000000000 18 16.00 130 
131 -25.8930000000000000 35.6310000000000000 13 17.00 131 
132 20.7840000000000000 20.0820000000000000 1 16.00 132 
133 46.3450000000000000 -91.1450000000000000 15 13.00 133 
134 -66.1230000000000000 -46.3500000000000000 20 23.00 134 
135 75.2010000000000000 -35.8940000000000000 10 3.00 135 
136 36.5610000000000000 60.1480000000000000 5 7.00 136 
137 61.3740000000000000 97.7760000000000000 22 7.00 137 
138 81.2750000000000000 81.8510000000000000 25 19.00 138 
139 -49.1890000000000000 -60.1610000000000000 7 4.00 139 
140 44.0340000000000000 -53.2300000000000000 10 25.00 140 
141 37.8280000000000000 -68.3140000000000000 16 25.00 141 
142 -53.6710000000000000 -23.8690000000000000 10 19.00 142 
143 -57.2090000000000000 44.5280000000000000 18 17.00 143 
144 39.5210000000000000 -95.3850000000000000 7 15.00 144 
145 -91.1310000000000000 -65.3300000000000000 22 25.00 145 
146 8.3470000000000000 65.4260000000000000 3 13.00 146 
147 75.9790000000000000 89.0840000000000000 14 21.00 147 
148 99.6370000000000000 -49.7940000000000000 9 12.00 148 
149 -23.4960000000000000 95.2790000000000000 25 14.00 149 
150 -79.2770000000000000 -22.7480000000000000 22 3.00 150 
151 15.2420000000000000 95.6520000000000000 22 8.00 151 
152 -84.9970000000000000 -0.5740000000000000 3 6.00 152 
153 91.0390000000000000 69.9530000000000000 21 7.00 153 
154 -60.2350000000000000 81.3510000000000000 5 18.00 154 
155 17.0060000000000000 56.0090000000000000 21 9.00 155 
156 -66.7300000000000000 -41.6590000000000000 24 21.00 156 
157 -4.5330000000000000 9.1040000000000000 25 3.00 157 
158 -6.2370000000000000 85.9910000000000000 4 21.00 158 
159 -75.4970000000000000 97.8590000000000000 7 21.00 159 
160 7.8820000000000000 40.4410000000000000 2 8.00 160 
161 -52.7310000000000000 99.8400000000000000 17 22.00 161 
162 89.0010000000000000 21.2940000000000000 23 16.00 162 
163 -29.7360000000000000 -36.7410000000000000 22 8.00 163 
164 19.6580000000000000 -61.8250000000000000 7 20.00 164 
165 83.7600000000000000 -44.7550000000000000 1 24.00 165 
166 -81.8780000000000000 -88.7260000000000000 16 3.00 166 
167 15.1450000000000000 38.0680000000000000 1 2.00 167 
168 71.7350000000000000 46.0400000000000000 24 15.00 168 
169 58.2210000000000000 92.2060000000000000 14 22.00 169 
170 -34.8670000000000000 -90.0240000000000000 8 6.00 170 
171 4.7690000000000000 90.8800000000000000 24 22.00 171 
172 -79.6200000000000000 43.5040000000000000 19 4.00 172 
173 79.3080000000000000 -61.3540000000000000 8 10.00 173 
174 -97.7640000000000000 4.5290000000000000 4 16.00 174 
175 -71.0190000000000000 18.9500000000000000 17 5.00 175 
176 -63.1070000000000000 50.7590000000000000 4 10.00 176 
177 70.7270000000000000 97.1160000000000000 8 19.00 177 
178 98.1300000000000000 -21.1220000000000000 10 16.00 178 
179 90.4410000000000000 89.4270000000000000 2 2.00 179 
180 -89.2950000000000000 -86.0700000000000000 17 19.00 180 
181 54.0950000000000000 31.3330000000000000 9 21.00 181 
182 -47.0180000000000000 -99.8420000000000000 16 23.00 182 
183 77.4260000000000000 -32.7490000000000000 12 20.00 183 
184 -50.8370000000000000 44.4920000000000000 19 11.00 184 
185 -24.3730000000000000 -41.7950000000000000 12 22.00 185 
186 -79.7460000000000000 52.4760000000000000 16 2.00 186 
187 21.3100000000000000 -51.2340000000000000 2 20.00 187 
188 57.6160000000000000 68.8960000000000000 14 2.00 188 
189 -34.6080000000000000 -70.3340000000000000 13 16.00 189 
190 -42.3630000000000000 92.1750000000000000 17 2.00 190 
191 43.4360000000000000 -18.2550000000000000 17 12.00 191 
192 -68.8160000000000000 28.1560000000000000 2 22.00 192 
193 79.2520000000000000 99.1550000000000000 6 10.00 193 
194 73.2300000000000000 2.0600000000000000 12 16.00 194 
195 -8.3540000000000000 41.9700000000000000 23 7.00 195 
196 56.2910000000000000 -85.5610000000000000 2 4.00 196 
197 65.5750000000000000 15.5250000000000000 16 20.00 197 
198 89.5250000000000000 0.6760000000000000 22 6.00 198 
199 -86.8190000000000000 -15.4370000000000000 7 18.00 199 
200 -75.8000000000000000 30.9850000000000000 15 23.00 200 
201 28.0250000000000000 64.5400000000000000 23 22.00 201 
202 -88.7300000000000000 20.4730000000000000 15 9.00 202 
203 68.5480000000000000 47.3480000000000000 22 25.00 203 
204 -67.2470000000000000 -58.7830000000000000 1 3.00 204 
205 84.6050000000000000 -23.1100000000000000 1 6.00 205 
206 -14.2310000000000000 82.4730000000000000 8 20.00 206 
207 -40.4060000000000000 -74.6900000000000000 25 16.00 207 
208 -24.2820000000000000 78.8770000000000000 22 10.00 208 
209 -28.2500000000000000 -84.1300000000000000 20 9.00 209 
210 64.5650000000000000 -26.2880000000000000 16 25.00 210 
211 85.1080000000000000 -52.8820000000000000 6 4.00 211 
212 -79.4720000000000000 45.7900000000000000 19 19.00 212 
213 -5.3360000000000000 88.0460000000000000 21 10.00 213 
214 -78.7640000000000000 49.5020000000000000 2 4.00 214 
215 -63.1110000000000000 73.0020000000000000 19 20.00 215 
216 -3.8910000000000000 -99.9480000000000000 11 2.00 216 
217 7.5490000000000000 -5.3080000000000000 14 1.00 217 
218 19.1230000000000000 -27.0180000000000000 21 15.00 218 
219 44.7370000000000000 -16.6870000000000000 5 9.00 219 
220 72.5850000000000000 -74.8510000000000000 9 20.00 220 
221 -16.8390000000000000 37.7260000000000000 17 8.00 221 
222 94.2610000000000000 92.0150000000000000 12 15.00 222 
223 56.1920000000000000 -84.2830000000000000 18 3.00 223 
224 68.6350000000000000 26.7270000000000000 21 17.00 224 
225 -99.1700000000000000 28.8760000000000000 3 25.00 225 
226 -45.0740000000000000 50.5400000000000000 14 16.00 226 
227 3.8570000000000000 92.6120000000000000 22 20.00 227 
228 20.2220000000000000 -69.2110000000000000 15 20.00 228 
229 -40.4760000000000000 -77.3900000000000000 14 21.00 229 
230 -57.1980000000000000 -72.7770000000000000 11 23.00 230 
231 56.3120000000000000 65.4020000000000000 20 19.00 231 
232 69.7000000000000000 80.9370000000000000 16 5.00 232 
233 90.9060000000000000 -9.3300000000000000 5 16.00 233 
234 -97.4360000000000000 65.0630000000000000 4 18.00 234 
235 42.0600000000000000 31.7850000000000000 20 21.00 235 
236 -73.4990000000000000 21.2460000000000000 21 11.00 236 
237 -85.0460000000000000 -27.8660000000000000 15 8.00 237 
238 49.3370000000000000 -89.7430000000000000 11 12.00 238 
239 35.5970000000000000 -19.5400000000000000 20 17.00 239 
240 -61.6880000000000000 37.0160000000000000 10 2.00 240 
241 42.6890000000000000 -45.0190000000000000 14 5.00 241 
242 92.7900000000000000 -94.5380000000000000 23 8.00 242 
243 24.9990000000000000 -60.0300000000000000 4 14.00 243 
244 -59.2240000000000000 -77.1160000000000000 20 23.00 244 
245 90.5480000000000000 30.9610000000000000 25 2.00 245 
246 -12.2750000000000000 88.3500000000000000 8 6.00 246 
247 55.2340000000000000 16.2290000000000000 7 24.00 247 
248 27.8100000000000000 98.1510000000000000 4 16.00 248 
249 -3.1490000000000000 -65.8640000000000000 1 14.00 249 
250 98.9070000000000000 -38.9200000000000000 23 24.00 250 
251 32.1790000000000000 79.9620000000000000 20 19.00 251 
252 28.2800000000000000 68.6530000000000000 22 12.00 252 
253 18.0190000000000000 -32.8920000000000000 6 5.00 253 
254 -6.9110000000000000 -77.0020000000000000 24 5.00 254 
255 -11.8510000000000000 64.7950000000000000 16 10.00 255 
256 51.1360000000000000 -85.9810000000000000 11 1.00 256 
257 36.6860000000000000 -22.8510000000000000 1 20.00 257 
258 -67.8530000000000000 -98.8450000000000000 23 2.00 258 
259 -80.1020000000000000 -3.1500000000000000 2 13.00 259 
260 87.0730000000000000 -2.0820000000000000 16 3.00 260 
261 -57.0740000000000000 2.3510000000000000 16 19.00 261 
262 75.0970000000000000 74.8160000000000000 2 14.00 262 
263 73.5010000000000000 3.6890000000000000 20 12.00 263 
264 68.8620000000000000 74.5150000000000000 7 12.00 264 
265 -27.7340000000000000 -38.5510000000000000 17 7.00 265 
266 81.0970000000000000 89.5360000000000000 4 9.00 266 
267 78.8780000000000000 -45.5160000000000000 23 16.00 267 
268 23.4620000000000000 -92.3270000000000000 12 13.00 268 
269 -83.3920000000000000 16.6640000000000000 18 10.00 269 
270 -67.9570000000000000 94.6580000000000000 2 11.00 270 
271 7.1120000000000000 -49.1650000000000000 7 18.00 271 
272 -83.4520000000000000 73.8710000000000000 14 18.00 272 
273 94.9600000000000000 -64.5500000000000000 24 4.00 273 
274 84.3900000000000000 28.6530000000000000 25 5.00 274 
275 71.3810000000000000 -95.3780000000000000 3 16.00 275 
276 -32.9430000000000000 -64.5050000000000000 7 18.00 276 
277 -42.0120000000000000 37.9560000000000000 3 21.00 277 
278 -27.4820000000000000 -72.1200000000000000 4 8.00 278 
279 13.1550000000000000 -61.8260000000000000 12 13.00 279 
280 88.1240000000000000 54.1900000000000000 22 19.00 280 
281 -68.9680000000000000 -71.2990000000000000 1 22.00 281 
282 -97.0410000000000000 9.4260000000000000 19 2.00 282 
283 -81.8930000000000000 -61.9420000000000000 16 5.00 283 
284 86.7940000000000000 -37.8300000000000000 15 5.00 284 
285 18.3630000000000000 29.6640000000000000 9 18.00 285 
286 -50.5190000000000000 95.3110000000000000 23 8.00 286 
287 51.9220000000000000 13.5620000000000000 25 24.00 287 
288 -63.1630000000000000 -54.9670000000000000 19 9.00 288 
289 -97.6500000000000000 23.8880000000000000 15 1.00 289 
290 -6.7370000000000000 28.8080000000000000 13 16.00 290 
291 10.1090000000000000 -92.1660000000000000 10 7.00 291 
292 -45.4600000000000000 -3.3600000000000000 20 14.00 292 
293 81.0010000000000000 47.9660000000000000 18 2.00 293 
294 -44.6650000000000000 -58.1140000000000000 4 15.00 294 
295 55.5710000000000000 -22.9600000000000000 22 11.00 295 
296 84.2590000000000000 -75.5280000000000000 3 6.00 296 
297 84.7930000000000000 68.6060000000000000 10 3.00 297 
298 34.7110000000000000 -40.1020000000000000 25 22.00 298 
299 -89.0400000000000000 -7.1860000000000000 16 13.00 299 
300 -61.0390000000000000 40.8290000000000000 13 19.00 300 
301 -24.2600000000000000 -11.0670000000000000 11 3.00 301 
302 64.5010000000000000 -53.5680000000000000 15 10.00 302 
303 -0.2960000000000000 83.2990000000000000 8 10.00 303 
304 -57.6140000000000000 -52.7360000000000000 16 11.00 304 
305 49.2240000000000000 34.8730000000000000 23 13.00 305 
306 -9.1840000000000000 -93.8170000000000000 24 11.00 306 
307 32.1080000000000000 -19.1720000000000000 1 23.00 307 
308 -88.3090000000000000 -56.4210000000000000 10 9.00 308 
309 -80.6040000000000000 -91.9080000000000000 1 16.00 309 
310 95.9050000000000000 66.7350000000000000 13 16.00 310 
311 80.8530000000000000 70.2100000000000000 11 18.00 311 
312 -15.0860000000000000 86.4360000000000000 14 18.00 312 
313 -36.4930000000000000 58.8520000000000000 6 16.00 313 
314 42.4600000000000000 -68.9310000000000000 25 10.00 314 
315 -50.9040000000000000 87.3120000000000000 12 2.00 315 
316 -71.6120000000000000 -23.3980000000000000 21 20.00 316 
317 92.3210000000000000 35.9840000000000000 24 16.00 317 
318 48.3040000000000000 35.8150000000000000 4 11.00 318 
319 11.6210000000000000 -71.5340000000000000 23 12.00 319 
320 -14.2560000000000000 64.8790000000000000 16 23.00 320 
321 -23.5330000000000000 40.1190000000000000 13 20.00 321 
322 -0.3370000000000000 53.9960000000000000 15 24.00 322 
323 -53.7910000000000000 73.9580000000000000 17 6.00 323 
324 -36.6160000000000000 -99.1780000000000000 22 9.00 324 
325 33.4700000000000000 -93.4860000000000000 15 17.00 325 
326 -98.4270000000000000 -35.9690000000000000 6 17.00 326 
327 94.1180000000000000 -46.4560000000000000 8 24.00 327 
328 15.3900000000000000 26.7250000000000000 7 17.00 328 
329 12.0500000000000000 27.3970000000000000 23 9.00 329 
330 -77.9210000000000000 -31.4920000000000000 16 7.00 330 
331 62.3050000000000000 72.4570000000000000 24 10.00 331 
332 87.4680000000000000 8.8260000000000000 9 10.00 332 
333 -94.9830000000000000 70.1450000000000000 17 5.00 333 
334 43.4980000000000000 41.2790000000000000 20 21.00 334 
335 -70.2850000000000000 31.8520000000000000 10 21.00 335 
336 80.3750000000000000 27.7760000000000000 23 23.00 336 
337 8.9850000000000000 93.3130000000000000 6 3.00 337 
338 92.5400000000000000 -52.8940000000000000 8 12.00 338 
339 72.0020000000000000 16.9130000000000000 13 20.00 339 
340 97.3770000000000000 -23.3390000000000000 4 15.00 340 
341 36.7170000000000000 47.5160000000000000 19 4.00 341 
342 7.1490000000000000 -71.4510000000000000 15 12.00 342 
343 -43.2060000000000000 42.9390000000000000 19 5.00 343 
344 -83.6050000000000000 90.8920000000000000 15 10.00 344 
345 1.6700000000000000 94.4750000000000000 13 19.00 345 
346 40.7150000000000000 -1.8980000000000000 1 12.00 346 
347 -18.0090000000000000 96.1180000000000000 3 16.00 347 
348 68.5440000000000000 32.8840000000000000 7 7.00 348 
349 65.7970000000000000 95.6280000000000000 18 7.00 349 
350 22.3120000000000000 73.1490000000000000 22 20.00 350 
351 52.4900000000000000 17.4370000000000000 6 6.00 351 
352 73.8740000000000000 77.5980000000000000 22 8.00 352 
353 -92.2530000000000000 -90.8880000000000000 5 6.00 353 
354 41.1270000000000000 -58.1610000000000000 15 9.00 354 
355 96.7750000000000000 -23.8320000000000000 20 1.00 355 
356 -74.0670000000000000 -94.3720000000000000 7 1.00 356 
357 -0.8320000000000000 -87.7380000000000000 16 8.00 357 
358 38.4950000000000000 1.5650000000000000 2 15.00 358 
359 61.8170000000000000 -2.6440000000000000 11 22.00 359 
360 -73.9670000000000000 -4.3000000000000000 17 18.00 360 
361 2.9580000000000000 4.3570000000000000 0 0 1 
362 21.4940000000000000 -8.6300000000000000 0 0 2 
363 -43.0730000000000000 -18.0940000000000000 0 0 3 
364 -10.4060000000000000 -37.8880000000000000 0 0 4 
